1.103251 1.065013  0.324021
1.216399 1.197963  0.600670
1.331844 1.110927  0.976040
1.442676 1.105712  3.031072
1.553393 1.108631  0.887523
1.663902 1.101547  1.125747
1.776268 1.145778  2.794643
1.890696 1.142782  2.282919
2.009135 1.225986  3.365017
2.118356 0.958445  2.985471
2.215792 0.990265  1.536386
2.317665 1.047205  2.205414
2.425862 1.116736  1.877851
2.540178 1.169579  2.878911
2.653734 1.101551  0.875563
2.763743 1.098626  3.266569
2.866458 0.955662  1.861326
2.961663 0.948457  4.247050
3.070010 1.218478  2.846705
3.190706 1.195445  2.256825
3.300633 1.003078  3.723610
3.404839 1.081042  4.754479
3.518363 1.189451  3.426732
3.639509 1.233476  4.919779
3.754807 1.072466  3.732876
3.861126 1.053931  2.813843
3.962709 0.977729  5.091125
4.055302 0.874114  5.081610
4.145408 0.928025  4.255688
4.232685 0.817511  3.717756
4.316917 0.867123  3.209630
4.400725 0.809041  5.760780
4.482324 0.822932  3.412570
4.558717 0.704933  5.490098
4.635825 0.837217  5.476731
4.723785 0.921991  3.903851
4.820015 1.002608  5.565164
4.929706 1.191222  4.335975
5.048935 1.193347  4.511428
5.159447 1.016904  7.100301
5.259636 0.986872  7.170100
5.362283 1.066064  4.471884
5.469775 1.083778  5.680089
5.581144 1.143603  5.722443
5.693303 1.099576  4.883512
5.803256 1.099488  5.666588
5.914690 1.129193  6.754393
6.017836 0.933721  7.039477
6.117000 1.049565  6.290075
6.219409 0.998613  6.297735
6.316888 0.950968  5.836317
6.414249 0.996240  6.645175
6.512133 0.961440  7.533951
6.602315 0.842210  6.971320
6.685872 0.828929  6.396648
6.770780 0.869217  8.176222
6.862777 0.970730  8.404468
6.958721 0.948161  7.483710
7.051184 0.901096  7.276827
7.124468 0.564571  7.105482
7.178637 0.518810  5.002543
7.223445 0.377361  6.653828
7.264730 0.448329  5.634194
7.318752 0.632122  8.407085
7.378561 0.564043  6.993839
7.441481 0.694358  7.501746
7.513083 0.737689  8.632392
7.591411 0.828860  8.178927
7.676102 0.864964  7.721447
7.761930 0.851613  7.788101
7.847916 0.868089  6.995492
7.935055 0.874696  8.521101
8.028610 0.996408  7.610830
8.119133 0.814052  7.088518
8.203328 0.869845  8.301909
8.290478 0.873160  7.741753
8.375447 0.826210  8.762995
8.461911 0.903079  6.834298
8.546043 0.779566  8.995819
8.620198 0.703532  8.254031
8.689394 0.680381  8.300780
8.755679 0.645329  8.306880
8.827477 0.790624  9.269243
8.905424 0.768312  9.746838
8.985265 0.828515  10.786915
9.067491 0.815994  9.077462
9.150435 0.842882  9.722278
9.235236 0.853144  7.504283
9.317116 0.784468  9.795262
9.397473 0.822668  9.633360
9.483201 0.891884  7.691180
9.573628 0.916653  9.197386
9.666824 0.947267  11.592488
9.755597 0.828200  10.137216
9.835470 0.769259  10.411621
9.909324 0.707824  9.913605
9.973965 0.585002  9.962318
10.032726 0.590207  10.450320
10.094743 0.650146  10.027967
10.156284 0.580676  8.809060
10.212033 0.534304  8.693972
10.262333 0.471687  11.077073
10.299965 0.280952  10.622779
10.312625 -0.027743  10.891446
10.307925 -0.066270  10.541030
10.298592 -0.120378  10.507737
10.286421 -0.123056  11.367189
10.276304 -0.079284  9.758708
10.264604 -0.154715  11.115599
10.251864 -0.100078  10.894033
10.242085 -0.095493  11.090485
10.233197 -0.082282  12.240884
10.223089 -0.119880  9.704550
10.210441 -0.133077  10.719451
10.196126 -0.153210  10.729442
10.183929 -0.090746  10.447875
10.172510 -0.137617  10.500626
10.154884 -0.214916  12.281473
10.136845 -0.145868  9.303168
10.118638 -0.218267  8.850479
10.103103 -0.092427  9.097794
10.091090 -0.147841  8.297102
10.070438 -0.265199  9.053255
10.045089 -0.241786  10.559256
10.017435 -0.311280  10.179096
9.988192 -0.273586  8.377859
9.960792 -0.274414  7.872149
9.924290 -0.455628  9.510056
9.882815 -0.373868  9.589182
9.838779 -0.506857  10.536908
9.790131 -0.466108  11.236885
9.743402 -0.468458  11.081798
9.699354 -0.412504  8.401876
9.656811 -0.438352  9.696494
9.610558 -0.486717  8.169075
9.557115 -0.582142  8.897005
9.490348 -0.753197  8.437176
9.414957 -0.754622  7.916344
9.336652 -0.811470  9.150337
9.252352 -0.874539  9.288068
9.163422 -0.904055  9.949341
9.069714 -0.970113  9.966010
8.972766 -0.968847  7.857641
8.867671 -1.133050  8.243131
8.755268 -1.115022  9.035124
8.656637 -0.857586  10.148569
8.573082 -0.813524  6.707646
8.490422 -0.839670  6.776974
8.402655 -0.915663  6.781150
8.319125 -0.754945  8.798892
8.252107 -0.585401  7.744498
8.195070 -0.555337  9.815613
8.133160 -0.682877  7.248171
8.060588 -0.768561  7.273277
7.984899 -0.745221  8.309798
7.919108 -0.570594  8.825224
7.863376 -0.544056  7.685779
7.801231 -0.698844  7.352291
7.724753 -0.830702  8.133053
7.644597 -0.772424  7.242619
7.563754 -0.844429  7.308480
7.471029 -1.010083  7.662964
7.366402 -1.082451  7.966992
7.255528 -1.135031  7.526904
7.146289 -1.049736  7.937490
7.036209 -1.151880  8.713255
6.924292 -1.086463  9.408344
6.818863 -1.022109  7.431776
6.717879 -0.997560  7.574610
6.619087 -0.978290  6.484175
6.517959 -1.044271  6.559241
6.408587 -1.143178  7.677135
6.300971 -1.009136  6.690440
6.206046 -0.889352  6.795620
6.122099 -0.789592  6.357441
6.041136 -0.829679  5.442393
5.951583 -0.961378  6.504444
5.849024 -1.089804  6.228965
5.743030 -1.030078  4.291681
5.644311 -0.944292  6.296767
5.548007 -0.981798  5.763458
5.451418 -0.949981  4.644956
5.352360 -1.031173  5.843807
5.250239 -1.011236  4.415657
5.143143 -1.130696  4.278825
5.030806 -1.116035  4.624413
4.915972 -1.180657  5.048097
4.787286 -1.393058  4.293019
4.641010 -1.532449  4.847386
4.485267 -1.582417  4.485800
4.328966 -1.543604  4.762421
4.169199 -1.651742  2.248002
3.990568 -1.920873  4.877928
3.800697 -1.876549  1.899515
3.605317 -2.031049  5.387650
3.403111 -2.013079  5.660163
3.199381 -2.061511  2.941009
2.992364 -2.078833  3.995667
2.786254 -2.043358  2.377825
2.577488 -2.131971  3.000664
2.367761 -2.062574  -1.245937
2.161126 -2.070130  1.526423
1.944223 -2.267932  1.115221
1.717897 -2.258578  2.058649
1.486630 -2.366771  2.438478
1.245040 -2.465020  -0.930609
0.996058 -2.514622  0.836693
0.749890 -2.408745  1.622428
0.513810 -2.312842  -0.022043
0.275753 -2.448297  0.045618
0.027715 -2.512468  -1.075867
-0.231543 -2.672685  0.029594
-0.499844 -2.693344  -0.964978
-0.776783 -2.845433  -1.099933
-1.067017 -2.959250  -1.300987
-1.364307 -2.986541  0.006997
-1.668394 -3.095215  -1.756739
-1.976310 -3.063097  -2.221338
-2.283908 -3.088855  -3.294176
-2.585664 -2.946267  -4.315659
-2.881715 -2.974764  -4.482521
-3.183195 -3.054828  -1.962952
-3.495619 -3.193666  -2.001597
-3.817748 -3.248909  -4.610451
-4.136458 -3.125282  -1.657115
-4.446145 -3.068456  -4.883985
-4.750405 -3.016759  -4.074260
-5.051678 -3.008683  -3.491632
-5.346456 -2.886879  -6.442227
-5.636518 -2.914369  -5.399790
-5.928973 -2.934727  -6.454302
-6.224678 -2.979385  -6.721864
-6.524345 -3.013941  -6.490397
-6.825185 -3.002872  -7.229828
-7.127577 -3.044972  -7.732590
-7.443071 -3.264891  -9.073499
-7.768126 -3.236215  -7.656692
-8.085479 -3.110841  -7.632378
-8.397889 -3.137373  -7.805308
-8.709839 -3.101617  -7.253964
-9.013228 -2.966159  -10.537124
-9.307961 -2.928508  -9.091668
-9.599903 -2.910337  -8.345897
-9.884843 -2.788464  -10.239360
-10.168652 -2.887710  -10.106455
-10.456103 -2.861318  -10.085887
-10.743146 -2.879527  -11.414401
-11.029467 -2.846908  -11.122990
-11.309667 -2.757089  -12.166254
-11.575459 -2.558755  -12.695880
-11.822859 -2.389228  -11.296907
-12.060386 -2.361320  -11.129177
-12.292458 -2.280129  -11.740098
-12.521912 -2.308941  -11.581603
-12.755592 -2.364653  -11.224926
-12.985075 -2.225011  -13.151396
-13.202412 -2.121729  -13.089659
-13.408689 -2.003817  -13.934527
-13.612211 -2.066628  -11.782484
-13.822159 -2.132325  -14.552953
-14.036612 -2.156734  -13.421891
-14.252658 -2.164189  -12.497062
-14.475094 -2.284527  -14.825822
-14.704831 -2.310218  -15.003918
-14.939719 -2.387543  -15.065367
-15.180103 -2.420124  -14.365481
-15.423038 -2.438575  -13.754754
-15.662788 -2.356443  -16.806654
-15.900181 -2.391406  -15.716370
-16.146719 -2.539355  -16.862373
-16.397324 -2.472751  -16.472961
-16.650090 -2.582560  -16.296410
-16.913266 -2.680970  -15.962268
-17.179659 -2.646886  -17.781165
-17.454149 -2.842904  -17.420145
-17.747769 -3.029494  -18.097894
-18.046607 -2.947271  -18.349368
-18.346167 -3.043937  -18.856118
-18.651234 -3.057399  -19.273576
-18.966028 -3.238481  -16.579448
-19.289370 -3.228363  -19.041939
-19.606304 -3.110315  -19.775443
-19.915728 -3.078159  -20.689808
-20.221898 -3.045244  -18.806002
-20.521979 -2.956370  -19.108906
-20.824556 -3.095180  -22.295568
-21.124554 -2.904780  -20.895160
-21.410923 -2.822598  -23.034669
-21.689352 -2.745971  -21.204997
-21.960958 -2.686149  -22.118958
-22.239792 -2.890546  -21.458033
-22.531674 -2.947085  -24.275413
-22.830033 -3.020103  -22.702933
-23.134813 -3.075493  -22.206524
-23.433641 -2.901072  -25.257254
-23.728920 -3.004490  -25.419525
-24.027437 -2.965856  -24.220669
-24.327982 -3.045042  -23.004151
-24.632600 -3.047316  -24.349790
-24.946742 -3.235538  -24.253864
-25.273091 -3.291442  -25.516838
-25.606492 -3.376567  -26.034738
-25.938687 -3.267328  -25.081277
-26.260911 -3.177161  -27.879978
-26.579095 -3.186514  -28.007687
-26.906836 -3.368300  -27.437871
-27.242315 -3.341299  -27.027704
-27.571680 -3.245989  -28.428735
-27.898625 -3.292923  -27.165893
-28.224857 -3.231702  -29.278647
-28.551803 -3.307215  -29.022069
-28.880734 -3.271413  -29.662642
-29.204241 -3.198729  -27.397733
-29.520423 -3.124916  -28.141901
-29.831536 -3.097338  -31.456100
-30.138973 -3.051401  -30.693076
-30.444280 -3.054728  -31.508465
-30.755985 -3.179376  -31.853078
-31.069223 -3.085383  -31.372232
-31.380348 -3.137129  -31.203188
-31.684710 -2.950102  -31.575628
-31.974358 -2.842855  -30.237150
-32.258874 -2.847467  -30.392517
-32.539237 -2.759797  -32.814303
-32.815632 -2.768096  -31.644407
-33.095778 -2.834826  -31.834442
-33.380576 -2.861133  -33.883262
-33.675730 -3.041962  -32.807678
-33.980496 -3.053347  -33.761984
-34.291391 -3.164559  -33.776251
-34.610277 -3.213160  -36.010619
-34.935439 -3.290077  -33.533648
-35.263420 -3.269538  -38.073738
-35.595500 -3.372076  -34.094027
-35.928585 -3.289619  -37.772809
-36.254325 -3.225187  -36.129784
-36.575899 -3.206284  -37.241329
-36.892108 -3.117895  -36.248164
-37.199201 -3.023958  -37.028026
-37.502926 -3.050548  -37.018042
-37.807794 -3.046813  -37.033362
-38.119524 -3.187784  -37.779425
-38.439415 -3.210052  -39.466378
-38.764143 -3.284507  -40.049464
-39.102660 -3.485814  -38.865952
-39.451374 -3.488478  -39.180690
-39.789878 -3.281601  -40.449199
-40.116190 -3.244629  -40.453068
-40.442817 -3.287919  -41.351668
-40.780226 -3.460263  -39.013975
-41.129984 -3.534902  -41.797779
-41.478991 -3.445228  -40.962221
-41.827484 -3.524635  -40.141586
-42.177012 -3.465935  -42.409285
-42.516598 -3.325784  -41.908182
-42.849091 -3.324064  -42.544036
-43.195055 -3.595229  -43.311954
-43.561659 -3.736836  -42.071896
-43.933834 -3.706670  -43.173901
-44.309042 -3.797494  -44.440978
-44.687704 -3.775738  -45.201291
-45.070038 -3.870939  -45.172122
-45.447251 -3.673337  -45.290871
-45.816479 -3.711221  -44.394087
-46.193433 -3.827844  -45.985374
-46.563733 -3.578158  -46.766718
-46.930536 -3.757904  -47.312687
-47.306547 -3.762326  -46.184889
-47.679610 -3.698919  -47.095246
-48.044416 -3.597218  -46.630006
-48.408220 -3.678863  -49.943474
-48.774725 -3.651221  -49.823157
-49.135800 -3.570280  -49.417453
-49.497120 -3.656134  -48.837407
-49.868570 -3.772852  -48.151388
-50.245486 -3.765472  -51.083182
-50.622636 -3.777524  -51.461442
-51.003313 -3.836020  -50.331656
-51.378904 -3.675792  -50.155924
-51.746633 -3.678789  -51.242680
-52.112195 -3.632463  -51.374021
-52.468266 -3.488961  -52.016317
-52.826481 -3.675333  -51.449055
-53.183585 -3.466741  -52.832284
-53.529998 -3.461529  -52.462341
-53.878243 -3.503371  -52.908093
-54.225261 -3.436979  -53.146800
-54.570522 -3.468240  -54.566876
-54.920940 -3.540136  -56.919831
-55.276445 -3.569949  -54.222112
-55.630633 -3.513823  -55.785589
-55.975729 -3.388101  -53.918882
-56.317406 -3.445438  -57.589024
-56.661839 -3.443219  -56.848808
-57.003392 -3.387844  -57.167610
-57.336925 -3.282804  -57.484776
-57.669665 -3.372000  -59.164530
-58.006032 -3.355343  -58.129634
-58.354083 -3.605685  -57.179845
-58.719791 -3.708469  -59.630402
-59.092950 -3.754714  -59.296576
-59.464105 -3.668381  -59.915488
-59.824133 -3.532177  -60.003966
-60.176751 -3.520188  -60.796839
-60.539816 -3.741109  -60.518041
-60.916350 -3.789569  -61.216973
-61.300983 -3.903091  -62.925782
-61.694160 -3.960447  -60.355046
-62.089565 -3.947659  -62.089930
-62.479783 -3.856698  -63.233212
-62.868067 -3.908987  -62.672009
-63.260851 -3.946686  -64.133240
-63.652635 -3.889012  -63.659407
-64.041993 -3.898149  -64.323551
-64.431830 -3.898592  -66.777563
-64.816464 -3.794088  -64.497064
-65.191150 -3.699621  -64.939320
-65.559100 -3.659387  -66.976373
-65.926182 -3.682245  -66.549361
-66.299092 -3.775961  -65.871321
-66.682084 -3.883866  -67.825382
-67.067666 -3.827783  -68.706958
-67.455049 -3.919877  -67.005473
-67.850004 -3.979225  -68.222236
-68.251003 -4.040759  -68.509113
-68.660386 -4.146896  -68.251841
-69.076762 -4.180617  -68.198338
-69.493617 -4.156498  -69.324221
-69.908518 -4.141509  -72.292168
-70.327586 -4.239849  -70.728799
-70.753506 -4.278551  -70.805033
-71.182277 -4.296877  -72.089818
-71.602144 -4.100464  -72.069598
-72.017901 -4.214684  -71.194711
-72.431885 -4.064990  -71.068611
-72.833649 -3.970289  -72.343582
-73.230511 -3.966942  -73.212215
-73.626402 -3.950879  -73.733612
-74.026934 -4.059759  -72.711745
-74.434320 -4.087978  -73.584691
-74.850429 -4.234188  -73.048092
-75.276514 -4.287512  -74.479779
-75.704622 -4.274647  -74.852413
-76.136359 -4.360105  -77.451387
-76.576505 -4.442805  -76.105316
-77.018748 -4.402067  -77.583173
-77.458036 -4.383681  -78.982277
-77.905665 -4.568905  -77.474725
-78.355796 -4.433709  -77.923450
-78.796214 -4.374647  -77.821502
-79.233815 -4.377369  -78.311782
-79.675783 -4.462003  -80.411446
-80.116360 -4.349527  -81.496013
-80.553460 -4.392478  -80.842832
-80.997836 -4.495046  -81.332402
-81.451018 -4.568590  -80.563955
-81.914223 -4.695517  -80.273205
-82.392283 -4.865687  -82.560306
-82.870778 -4.704207  -83.188001
-83.340987 -4.699972  -83.745315
-83.810912 -4.698532  -83.335038
-84.286183 -4.806884  -84.767448
-84.761266 -4.694778  -84.377144
-85.223588 -4.551655  -84.377175
-85.669575 -4.368091  -85.355274
-86.113471 -4.509822  -86.849207
-86.564568 -4.512123  -87.870057
-87.015388 -4.504285  -86.887736
-87.466192 -4.511790  -87.470086
-87.919448 -4.553320  -88.840789
-88.369797 -4.453670  -87.656860
-88.815805 -4.466496  -88.598924
-89.254319 -4.303780  -89.362600
-89.687024 -4.350320  -91.772766
-90.117063 -4.250454  -89.147776
-90.543911 -4.286503  -90.298045
-90.980072 -4.436714  -89.164944
-91.424758 -4.457013  -91.281823
-91.869208 -4.431990  -93.129724
-92.315780 -4.499456  -92.459959
-92.765453 -4.494006  -92.957765
-93.209744 -4.391807  -92.841542
-93.649629 -4.405901  -92.683288
-94.094386 -4.489224  -94.564646
-94.548345 -4.589956  -94.665571
-95.005079 -4.544738  -95.410163
-95.465577 -4.665207  -95.649352
-95.930638 -4.636016  -96.422480
-96.410033 -4.951886  -95.247846
-96.901991 -4.887276  -96.501937
-97.389442 -4.861749  -98.647647
-97.870278 -4.754961  -98.267468
-98.347821 -4.795909  -98.155753
-98.842173 -5.091117  -98.719645
-99.340850 -4.882435  -98.718138
-99.819340 -4.687367  -101.169759
-100.287017 -4.666170  -100.870466
-100.739092 -4.375325  -101.850237
-101.170308 -4.249004  -101.782205
-101.590745 -4.159730  -103.210821
-102.013489 -4.295157  -102.943722
-102.438470 -4.204458  -101.161120
-102.856982 -4.165775  -102.470403
-103.276954 -4.233663  -104.433024
-103.711027 -4.447800  -105.431620
-104.153019 -4.392042  -103.179984
-104.597267 -4.492923  -104.922593
-105.044521 -4.452159  -103.905716
-105.495278 -4.562978  -105.971558
-105.950583 -4.543119  -105.946433
-106.402673 -4.498683  -106.196307
-106.851828 -4.484412  -106.336800
-107.300141 -4.481857  -107.982179
-107.751757 -4.550471  -107.827639
-108.214005 -4.694471  -106.742219
-108.684064 -4.706710  -110.530548
-109.153985 -4.691712  -109.072437
-109.621422 -4.657038  -109.773959
-110.087075 -4.656022  -111.222181
-110.563659 -4.875658  -109.639848
-111.058239 -5.015936  -110.584084
-111.561628 -5.051853  -110.680779
-112.062059 -4.956757  -112.536623
-112.554614 -4.894353  -113.793270
-113.050809 -5.029534  -113.500268
-113.558743 -5.129141  -115.108236
-114.070155 -5.099106  -115.459081
-114.583705 -5.171900  -115.727989
-115.102505 -5.204099  -113.732188
-115.632029 -5.386373  -114.925599
-116.171630 -5.405658  -114.963618
-116.711373 -5.389194  -117.067035
-117.245463 -5.292600  -117.507896
-117.780122 -5.400597  -118.084672
-118.313935 -5.275657  -118.853143
-118.841670 -5.279043  -119.498071
-119.372972 -5.346999  -120.476935
-119.904900 -5.291554  -119.837579
-120.435813 -5.326719  -121.969359
-120.968904 -5.335087  -119.022443
-121.493601 -5.158856  -122.065142
-122.017010 -5.309329  -121.828912
-122.547465 -5.299774  -121.880955
-123.084948 -5.449881  -124.078832
-123.630219 -5.455538  -124.200555
-124.182920 -5.598485  -122.339257
-124.742893 -5.600972  -125.192329
-125.299360 -5.528377  -128.036415
-125.858820 -5.660804  -125.205743
-126.429871 -5.760234  -127.522447
-127.015613 -5.954590  -126.991342
-127.600698 -5.747112  -127.357427
-128.179725 -5.833427  -127.354162
-128.768237 -5.936818  -127.249605
-129.363813 -5.974712  -129.047000
-129.957118 -5.891379  -130.185746
-130.542545 -5.817167  -131.714728
-131.127836 -5.888638  -131.385369
-131.717430 -5.903261  -131.867188
-132.313977 -6.027667  -134.218961
-132.906025 -5.813297  -133.694751
-133.492007 -5.906340  -134.515202
-134.077213 -5.797778  -135.598807
-134.663269 -5.923353  -134.977955
-135.259887 -6.008999  -136.133625
-135.858986 -5.972989  -136.165848
-136.455089 -5.949057  -135.905022
-137.045740 -5.863966  -136.698706
-137.630627 -5.833769  -137.305680
-138.217081 -5.895324  -138.092891
-138.804326 -5.849577  -138.797486
-139.395206 -5.968017  -138.619821
-139.985805 -5.843955  -139.590442
-140.568242 -5.804796  -140.484770
-141.150431 -5.838972  -139.585699
-141.729895 -5.750316  -139.972784
-142.304649 -5.744770  -144.459574
-142.883378 -5.829812  -143.068056
-143.465969 -5.822006  -142.973118
-144.048157 -5.821744  -144.509503
-144.623575 -5.686619  -145.026600
-145.191185 -5.665579  -144.267969
-145.763269 -5.776109  -146.830565
-146.337301 -5.704522  -145.261711
-146.906877 -5.686997  -147.107711
-147.471399 -5.603456  -147.518954
-148.030917 -5.586903  -147.774942
-148.583987 -5.474491  -148.589346
-149.124057 -5.326910  -148.297621
-149.658968 -5.371311  -150.155177
-150.200715 -5.463618  -152.442566
-150.745251 -5.427108  -150.613825
-151.298621 -5.640300  -151.065824
-151.864857 -5.684408  -151.988373
-152.441668 -5.851818  -151.614892
-153.030313 -5.921073  -152.242387
-153.629886 -6.070399  -153.211869
-154.237154 -6.074958  -153.434932
-154.838409 -5.950144  -153.805679
-155.429219 -5.866060  -156.268165
-156.014405 -5.837661  -155.000470
-156.600027 -5.874772  -156.058711
-157.188906 -5.902808  -155.768345
-157.778647 -5.892014  -157.904758
-158.371297 -5.960990  -157.929429
-158.964967 -5.912407  -159.226457
-159.562102 -6.030288  -158.794121
-160.168135 -6.090379  -159.795872
-160.771272 -5.972355  -162.578949
-161.356607 -5.734345  -161.623297
-161.926148 -5.656484  -161.016609
-162.494006 -5.700662  -162.268982
-163.066473 -5.748678  -163.547466
-163.647039 -5.862649  -164.368287
-164.231246 -5.821498  -164.689830
-164.808258 -5.718737  -165.875230
-165.380101 -5.718125  -166.757222
-165.953013 -5.740117  -164.884092
-166.527835 -5.756322  -166.210745
-167.096673 -5.620442  -168.326233
-167.663215 -5.710392  -168.961604
-168.237059 -5.766482  -168.225217
-168.812874 -5.749821  -167.211664
-169.393500 -5.862688  -169.748426
-169.985333 -5.973983  -169.856211
-170.577066 -5.860669  -170.502968
-171.174079 -6.079587  -171.271945
-171.780766 -6.054166  -170.949812
-172.388930 -6.109113  -170.329286
-172.996217 -6.036623  -172.339731
-173.594861 -5.936251  -174.472143
-174.192273 -6.011996  -174.349416
-174.787895 -5.900438  -175.688806
-175.375655 -5.854778  -175.974446
-175.961280 -5.857715  -177.011479
-176.546398 -5.844643  -176.886047
-177.138325 -5.993905  -177.022950
-177.739798 -6.035551  -181.329172
-178.352266 -6.213793  -178.740372
-178.973722 -6.215328  -179.443199
-179.598026 -6.270767  -178.793873
-180.223448 -6.237669  -179.305488
-180.842939 -6.152153  -179.926723
-181.460944 -6.207937  -181.759151
-182.079532 -6.163830  -180.949753
-182.696579 -6.177108  -182.841484
-183.312779 -6.146884  -183.410569
-183.936480 -6.327138  -182.204904
-184.569114 -6.325550  -184.377411
-185.208105 -6.454276  -186.412149
-185.865163 -6.686880  -185.309589
-186.542956 -6.868979  -186.793337
-187.226304 -6.797976  -186.787511
-187.900872 -6.693388  -187.603244
-188.575183 -6.792833  -187.505968
-189.257978 -6.863067  -187.580692
-189.942298 -6.823330  -190.357412
-190.626208 -6.854865  -190.497338
-191.310478 -6.830543  -191.975300
-191.986808 -6.696047  -192.009719
-192.656829 -6.704370  -193.821346
-193.332233 -6.803716  -191.994161
-194.008827 -6.728159  -192.981206
-194.680740 -6.710110  -194.636407
-195.355354 -6.782177  -194.768574
-196.034409 -6.798910  -194.534062
-196.717198 -6.856881  -198.183181
-197.401187 -6.822903  -198.761861
-198.082714 -6.807623  -199.329912
-198.756545 -6.669011  -199.158400
-199.425651 -6.713097  -198.161074
-200.097934 -6.732559  -201.170660
-200.771862 -6.746018  -201.011946
-201.452052 -6.857765  -202.486212
-202.142657 -6.954352  -202.448603
-202.836388 -6.920262  -203.114714
-203.523926 -6.830489  -202.494361
-204.213151 -6.954013  -203.323851
-204.908676 -6.956500  -205.224427
-205.603750 -6.944969  -204.054374
-206.293450 -6.849024  -205.319189
-206.978571 -6.853413  -206.112325
-207.667292 -6.921008  -209.268401
-208.361288 -6.958903  -207.375297
-209.051572 -6.846771  -208.382557
-209.727486 -6.671526  -209.846266
-210.397401 -6.726759  -212.916412
-211.080126 -6.927737  -210.198662
-211.775635 -6.982451  -211.863800
-212.468648 -6.877816  -211.127869
-213.153909 -6.827394  -211.886364
-213.829920 -6.692822  -211.550529
-214.504471 -6.798213  -214.840437
-215.173726 -6.586883  -214.554191
-215.832627 -6.591133  -216.814531
-216.494203 -6.640381  -218.354656
-217.156654 -6.608651  -218.144277
-217.820544 -6.669151  -218.709914
-218.495368 -6.827321  -217.302101
-219.170908 -6.683480  -218.358768
-219.839177 -6.681898  -219.826908
-220.502866 -6.591894  -217.979957
-221.161914 -6.589052  -220.759987
-221.824923 -6.671134  -222.634706
-222.488730 -6.605013  -222.209643
-223.153748 -6.695345  -222.098172
-223.831048 -6.850638  -224.251887
-224.510238 -6.733170  -224.718193
-225.181196 -6.685984  -226.712275
-225.844443 -6.578969  -225.386573
-226.492850 -6.389170  -226.968164
-227.129737 -6.348562  -225.662041
-227.760910 -6.274906  -228.262904
-228.397991 -6.466701  -228.358624
-229.046327 -6.500021  -229.112331
-229.699806 -6.569574  -230.742345
-230.356584 -6.565972  -230.729233
-231.007276 -6.447867  -231.964240
-231.654567 -6.497951  -231.079279
-232.305067 -6.512049  -232.258568
-232.965766 -6.701927  -233.158879
-233.635302 -6.688805  -234.151352
-234.305744 -6.720037  -232.817943
-234.986159 -6.888261  -234.314274
-235.673682 -6.862205  -237.123024
-236.354980 -6.763739  -236.501174
-237.035966 -6.855992  -235.248945
-237.715239 -6.729470  -238.386433
-238.387981 -6.725361  -238.117271
-239.061432 -6.743665  -237.775422
-239.735949 -6.746677  -239.175361
-240.417152 -6.877378  -240.758813
-241.110002 -6.979616  -241.283858
-241.814249 -7.105340  -241.980779
-242.528961 -7.188898  -242.837600
-243.248757 -7.207024  -242.081890
-243.964698 -7.111780  -243.781894
-244.679966 -7.193595  -246.392715
-245.394716 -7.101393  -245.311379
-246.109540 -7.195091  -246.346708
-246.829451 -7.203128  -246.879869
-247.551754 -7.242936  -246.590066
-248.267346 -7.068899  -248.467791
-248.976151 -7.107204  -249.068271
-249.689199 -7.153755  -249.991208
-250.405709 -7.176445  -251.165985
-251.124184 -7.193063  -250.949238
-251.840382 -7.130896  -251.535318
-252.547757 -7.016608  -252.661381
-253.252378 -7.075812  -254.624691
-253.962575 -7.128116  -252.270001
-254.679910 -7.218593  -254.372965
-255.409231 -7.367818  -254.228852
-256.146310 -7.373770  -258.045733
-256.876582 -7.231659  -256.830468
-257.602021 -7.277129  -255.694385
-258.336127 -7.404983  -259.503838
-259.076504 -7.402564  -257.422353
-259.806034 -7.188032  -259.642632
-260.524056 -7.172397  -260.690011
-261.232041 -6.987312  -260.082140
-261.926148 -6.894834  -263.932659
-262.616987 -6.921940  -261.548000
-263.308433 -6.906972  -262.968929
-264.001412 -6.952618  -263.882284
-264.702417 -7.067483  -266.165012
-265.415423 -7.192623  -264.876136
-266.134055 -7.180020  -267.061272
-266.851635 -7.171593  -266.631028
-267.572728 -7.250250  -267.594093
-268.296238 -7.219965  -270.339308
-269.014494 -7.145158  -268.850507
-269.726687 -7.098687  -267.464152
-270.430829 -6.984152  -269.919603
-271.123532 -6.869912  -270.024503
-271.813194 -6.923324  -273.552146
-272.500758 -6.827968  -274.291187
-273.187722 -6.911301  -271.522859
-273.883367 -7.001599  -274.718943
-274.586912 -7.069306  -275.914590
-275.287833 -6.949106  -276.131031
-275.980367 -6.901588  -276.825519
-276.670186 -6.894777  -277.752538
-277.366829 -7.038084  -276.815094
-278.075985 -7.145043  -278.433480
-278.792397 -7.183201  -282.071990
-279.514356 -7.255979  -278.246469
-280.236373 -7.184364  -279.421734
-280.954611 -7.180396  -281.781010
-281.669193 -7.111243  -282.377944
-282.370230 -6.909490  -280.864460
-283.060019 -6.886293  -283.768490
-283.748402 -6.881364  -285.515068
-284.438640 -6.923405  -284.932645
-285.124369 -6.791166  -284.214178
-285.801078 -6.743012  -285.538105
-286.474925 -6.733943  -286.872681
-287.150037 -6.768282  -285.913501
-287.836507 -6.961117  -289.286397
-288.532793 -6.964604  -289.361022
-289.226405 -6.907650  -286.986696
-289.918994 -6.944127  -291.384966
-290.607774 -6.831472  -290.114994
-291.290958 -6.832192  -290.646701
-291.975756 -6.863781  -290.547662
-292.657306 -6.767210  -292.887730
-293.339336 -6.873401  -295.505638
-294.030266 -6.945190  -294.383292
-294.721851 -6.886514  -294.754532
-295.408514 -6.846749  -295.590739
-296.092223 -6.827428  -297.173285
-296.769437 -6.716842  -297.252835
-297.438355 -6.661524  -297.351597
-298.095660 -6.484569  -296.406308
-298.746791 -6.538063  -299.046649
-299.397529 -6.476695  -300.495976
-300.042204 -6.416814  -301.077697
-300.687176 -6.482609  -300.293823
-301.339237 -6.558626  -302.091090
-301.993498 -6.526591  -301.604208
-302.646997 -6.543389  -301.718232
-303.308754 -6.691748  -304.809435
-303.973683 -6.606826  -303.414615
-304.637297 -6.665464  -304.350186
-305.308130 -6.751198  -305.725135
-305.982928 -6.744757  -307.064834
-306.658146 -6.759607  -307.291117
-307.332493 -6.727334  -308.240446
-308.002165 -6.666097  -308.071700
-308.666082 -6.612248  -306.536461
-309.330174 -6.669587  -310.226681
-309.994007 -6.607085  -312.833183
-310.658857 -6.689905  -310.700876
-311.329446 -6.721885  -310.088711
-312.001926 -6.727717  -312.659769
-312.665544 -6.544644  -314.580761
-313.321983 -6.584118  -312.403180
-313.973349 -6.443214  -313.159612
-314.623529 -6.560381  -316.050633
-315.278771 -6.544452  -313.959297
-315.933207 -6.544281  -316.554817
-316.593102 -6.653611  -316.492829
-317.258362 -6.651588  -318.348377
-317.920422 -6.589620  -318.047571
-318.564482 -6.291578  -318.798338
-319.183188 -6.082541  -320.024094
-319.794356 -6.140809  -319.576077
-320.410612 -6.184323  -319.652949
-321.032631 -6.256045  -321.925272
-321.657863 -6.248614  -321.450449
-322.288300 -6.360125  -321.041018
-322.920317 -6.280212  -325.095402
-323.538947 -6.092389  -321.788029
-324.147902 -6.086701  -325.867030
-324.762289 -6.201046  -323.328448
-325.383703 -6.227236  -325.215310
-326.002527 -6.149237  -325.295396
-326.615114 -6.102499  -327.007982
-327.217604 -5.947313  -324.378402
-327.810116 -5.902918  -328.090634
-328.399796 -5.890686  -328.549149
-328.993797 -5.989328  -328.396381
-329.592286 -5.980446  -329.612670
-330.187568 -5.925207  -330.320846
-330.777396 -5.871341  -331.227569
-331.369856 -5.977860  -330.424658
-331.976444 -6.153904  -331.140009
-332.599930 -6.315827  -332.428819
-333.234619 -6.377939  -334.030312
-333.873462 -6.398921  -334.304913
-334.519527 -6.522379  -335.481176
-335.166842 -6.423916  -335.416598
-335.811945 -6.478157  -336.308315
-336.456136 -6.405657  -336.779669
-337.096200 -6.395634  -335.708386
-337.735707 -6.394503  -339.343457
-338.369981 -6.290978  -339.971671
-338.999223 -6.293852  -337.554864
-339.634991 -6.421503  -339.687005
-340.282706 -6.532795  -341.424533
-340.931611 -6.445313  -339.695450
-341.576388 -6.450222  -341.102041
-342.215615 -6.334334  -342.765709
-342.853879 -6.430944  -342.879278
-343.494876 -6.388990  -343.473284
-344.119746 -6.108400  -344.277209
-344.731498 -6.126638  -345.021947
-345.342505 -6.093519  -345.488733
-345.944022 -5.936805  -345.921762
-346.536680 -5.916362  -345.831801
-347.135435 -6.058743  -347.222110
-347.732481 -5.882170  -348.842416
-348.327906 -6.026329  -347.026467
-348.932490 -6.065363  -349.434659
-349.543109 -6.147009  -349.895383
-350.161925 -6.229308  -351.681546
-350.783577 -6.203741  -351.407062
-351.393123 -5.987176  -351.273998
-351.994140 -6.033156  -352.050242
-352.593441 -5.952872  -354.135074
-353.190017 -5.978636  -353.980392
-353.786014 -5.941315  -353.688206
-354.378053 -5.899466  -355.750953
-354.960673 -5.752941  -353.901561
-355.540050 -5.834581  -354.043622
-356.123380 -5.832028  -357.934184
-356.704008 -5.780526  -357.959472
-357.274118 -5.621670  -358.630722
-357.834038 -5.576736  -357.569971
-358.391198 -5.566465  -357.895388
-358.943953 -5.488626  -358.453172
-359.491360 -5.459516  -358.812627
-360.037400 -5.461288  -359.477096
-360.588437 -5.559452  -359.984925
-361.143200 -5.535819  -360.611273
-361.695065 -5.501481  -362.736925
-362.240322 -5.403647  -362.555776
-362.784615 -5.482217  -361.771230
-363.340513 -5.635742  -363.595034
-363.910408 -5.762158  -364.574737
-364.483367 -5.697028  -362.867262
-365.048433 -5.604295  -364.381844
-365.602265 -5.472325  -366.338669
-366.139152 -5.265428  -365.546902
-366.661732 -5.186167  -368.125758
-367.171712 -5.013429  -368.667029
-367.671176 -4.975856  -367.379117
-368.179044 -5.181513  -368.913569
-368.704197 -5.321540  -368.548456
-369.229016 -5.174843  -370.761972
-369.751201 -5.268850  -369.765708
-370.268427 -5.075673  -371.038105
-370.774083 -5.037440  -370.010129
-371.285969 -5.200280  -370.487900
-371.804009 -5.160528  -373.290910
-372.307898 -4.917246  -371.983234
-372.795410 -4.832995  -371.647349
-373.279364 -4.846102  -374.356217
-373.764597 -4.858541  -374.335697
-374.256803 -4.985578  -372.908262
-374.769195 -5.262275  -373.640437
-375.296498 -5.283789  -375.172101
-375.828969 -5.365614  -376.763556
-376.365025 -5.355512  -376.010789
-376.890689 -5.157776  -377.173559
-377.410654 -5.241526  -375.771530
-377.935303 -5.251449  -378.095070
-378.451754 -5.077560  -380.800997
-378.956698 -5.021332  -378.823852
-379.462409 -5.092890  -379.613735
-379.969701 -5.052943  -380.690490
-380.476956 -5.092161  -379.215009
-380.986568 -5.100065  -380.714524
-381.492453 -5.017640  -381.539312
-382.002632 -5.185941  -382.525236
-382.514431 -5.050034  -383.467337
-383.017667 -5.014692  -382.244442
-383.518906 -5.010093  -384.622228
-384.019374 -4.999265  -382.472734
-384.524375 -5.100761  -385.844300
-385.034429 -5.100322  -386.248950
-385.543777 -5.086635  -385.200192
-386.049481 -5.027432  -386.199622
-386.547318 -4.929312  -387.580276
-387.041125 -4.946832  -388.404255
-387.545117 -5.133016  -386.239794
-388.063977 -5.244180  -389.085369
-388.587412 -5.224507  -389.643438
-389.107278 -5.172824  -391.030478
-389.628827 -5.258157  -390.640195
-390.147054 -5.106377  -390.855973
-390.661748 -5.187501  -390.725796
-391.177586 -5.129267  -391.823281
-391.684158 -5.002161  -391.003005
-392.182462 -4.963930  -391.282573
-392.675533 -4.897489  -392.326312
-393.163835 -4.868543  -392.805079
-393.643485 -4.724462  -392.797857
-394.119939 -4.804623  -395.720395
-394.599392 -4.784430  -394.462679
-395.086652 -4.960764  -394.841270
-395.575783 -4.821862  -396.254580
-396.060042 -4.863321  -397.018129
-396.544665 -4.829136  -396.391862
-397.026332 -4.804205  -397.055470
-397.509383 -4.856823  -397.446048
-397.990675 -4.769010  -396.121833
-398.473570 -4.888893  -398.783371
-398.964993 -4.939566  -398.152131
-399.464052 -5.041618  -400.029972
-399.969216 -5.061662  -400.552437
-400.477051 -5.095036  -399.911342
-400.983115 -5.026236  -400.684467
-401.485650 -5.024464  -400.939761
-401.988798 -5.038494  -402.982249
-402.491407 -5.013696  -401.536387
-402.998160 -5.121359  -403.222947
-403.501782 -4.951084  -405.831242
-403.998959 -4.992446  -404.449666
-404.506926 -5.166908  -406.402688
-405.021575 -5.126060  -406.832855
-405.537842 -5.199281  -405.450258
-406.057187 -5.187618  -406.361786
-406.585507 -5.378793  -403.755904
-407.123383 -5.378726  -405.540190
-407.663039 -5.414400  -408.529571
-408.203995 -5.404715  -408.175062
-408.734827 -5.211925  -408.006658
-409.260833 -5.308187  -408.137009
-409.785957 -5.194290  -410.248891
-410.302327 -5.133114  -412.078752
-410.818680 -5.193947  -412.209274
-411.342292 -5.278292  -411.592297
-411.883750 -5.550863  -411.291469
-412.435679 -5.487723  -411.738791
-412.992319 -5.645086  -412.896313
-413.561888 -5.746292  -415.957287
-414.130114 -5.618218  -414.418631
-414.693068 -5.640859  -416.636994
-415.258371 -5.665209  -415.235120
-415.831993 -5.807231  -414.650168
-416.413632 -5.825548  -417.598016
-416.994186 -5.785539  -415.986463
-417.564750 -5.625737  -417.050529
-418.128549 -5.650235  -417.263772
-418.697944 -5.737670  -419.011737
-419.262845 -5.560353  -417.814099
-419.815238 -5.487514  -419.850366
-420.371538 -5.638479  -420.796224
-420.933728 -5.605314  -421.530092
-421.490276 -5.525646  -421.300636
-422.047148 -5.611806  -421.676063
-422.613925 -5.723716  -424.167993
-423.191614 -5.830068  -423.063157
-423.766246 -5.662582  -424.443081
-424.334440 -5.701293  -423.923938
-424.898140 -5.572716  -424.365582
-425.441034 -5.285162  -425.641770
-425.964865 -5.191454  -428.506986
-426.479887 -5.108989  -425.599144
-426.980524 -4.903740  -427.953688
-427.471053 -4.906842  -428.477201
-427.963637 -4.944844  -428.457887
-428.466379 -5.109994  -427.845187
-428.967575 -4.913934  -429.464109
-429.451777 -4.770105  -429.626157
-429.921400 -4.622342  -429.656578
-430.381026 -4.570178  -431.011054
-430.830825 -4.425805  -430.920693
-431.266988 -4.297455  -431.653576
-431.698683 -4.336444  -430.663788
-432.131521 -4.320322  -430.799660
-432.569922 -4.447702  -432.535940
-433.013539 -4.424625  -433.928108
-433.459452 -4.493634  -433.474088
-433.908112 -4.479578  -435.979638
-434.354941 -4.456990  -436.241969
-434.800455 -4.453301  -434.978031
-435.245065 -4.438899  -434.418441
-435.685942 -4.378643  -435.938327
-436.112754 -4.157586  -437.166667
-436.524199 -4.071329  -436.990037
-436.941013 -4.264945  -436.928662
-437.360873 -4.132244  -439.105943
-437.766254 -3.975386  -436.740715
-438.159597 -3.891481  -438.651703
-438.545531 -3.827185  -437.530878
-438.923794 -3.738073  -439.608187
-439.298171 -3.749484  -440.081545
-439.664053 -3.568144  -440.438680
-440.012821 -3.407212  -439.963269
-440.358501 -3.506400  -440.190894
-440.712013 -3.563831  -441.316224
-441.069663 -3.589169  -439.664930
-441.432597 -3.669509  -441.628088
-441.804900 -3.776551  -443.665702
-442.179290 -3.711266  -441.928886
-442.548664 -3.676208  -442.596408
-442.909698 -3.544479  -444.665898
-443.264643 -3.554412  -443.099917
-443.626065 -3.674028  -442.161034
-443.991707 -3.638817  -444.324026
-444.349893 -3.524904  -444.668652
-444.701567 -3.508560  -445.065889
-445.050676 -3.473638  -446.374786
-445.392006 -3.352953  -445.478897
-445.736978 -3.546487  -446.771276
-446.097373 -3.661420  -445.594483
-446.457513 -3.541364  -446.077250
-446.807551 -3.459414  -446.193472
-447.150922 -3.407999  -447.066085
-447.491362 -3.400808  -446.444402
-447.828338 -3.338695  -447.938512
-448.166167 -3.417896  -447.331652
-448.507325 -3.405266  -449.522668
-448.843221 -3.312660  -448.858542
-449.167511 -3.173130  -449.033591
-449.492033 -3.317311  -450.157060
-449.823514 -3.312312  -448.938808
-450.160193 -3.421254  -449.941258
-450.505994 -3.494774  -449.321301
-450.857399 -3.533333  -450.283996
-451.199554 -3.309763  -450.701721
-451.536352 -3.426197  -451.352696
-451.872729 -3.301340  -452.948205
-452.207093 -3.385932  -451.472827
-452.547537 -3.422968  -451.532171
-452.898218 -3.590639  -452.700333
-453.257324 -3.591486  -454.655920
-453.624154 -3.745111  -453.185108
-453.988531 -3.542441  -452.657252
-454.341940 -3.525727  -455.416741
-454.693774 -3.510961  -453.743374
-455.044814 -3.509841  -454.980735
-455.397488 -3.543627  -456.795744
-455.750791 -3.522431  -457.335477
-456.100424 -3.470229  -456.590770
-456.452395 -3.569206  -455.911676
-456.812856 -3.639998  -455.622053
-457.174351 -3.589919  -458.805931
-457.540992 -3.742897  -456.757740
-457.913253 -3.702315  -458.362192
-458.281335 -3.659323  -458.727204
-458.649997 -3.713930  -458.388306
-459.029658 -3.879273  -458.055986
-459.418537 -3.898325  -457.987261
-459.807921 -3.889339  -461.151308
-460.196274 -3.877728  -460.478029
-460.579343 -3.783642  -458.253690
-460.955435 -3.738203  -460.436090
-461.331163 -3.776366  -462.053725
-461.712694 -3.854252  -462.389653
-462.102613 -3.944131  -462.615925
-462.498347 -3.970535  -463.195171
-462.891004 -3.882620  -463.345353
-463.275925 -3.815797  -463.412383
-463.653292 -3.731542  -464.649851
-464.028076 -3.764128  -465.957913
-464.406823 -3.810811  -464.209923
-464.783335 -3.719429  -466.371397
-465.153821 -3.690292  -462.900652
-465.520561 -3.644523  -467.791881
-465.880757 -3.559397  -466.118420
-466.239196 -3.609367  -464.886411
-466.599448 -3.595673  -468.093220
-466.953983 -3.495032  -465.769367
-467.298906 -3.403432  -466.779843
-467.635464 -3.327723  -466.057831
-467.965485 -3.272702  -467.851973
-468.285363 -3.124851  -467.719920
-468.594152 -3.050933  -469.168925
-468.891004 -2.886107  -468.105555
-469.177479 -2.843392  -469.602451
-469.452345 -2.653940  -469.474616
-469.717624 -2.651637  -470.178183
-469.979747 -2.590827  -471.871881
-470.243334 -2.680911  -471.709841
-470.520505 -2.862515  -469.125874
-470.803303 -2.793441  -469.523185
-471.094120 -3.022890  -471.420652
-471.392661 -2.947927  -471.414565
-471.686032 -2.919505  -470.585831
-471.983040 -3.020656  -473.495200
-472.280392 -2.926381  -471.578571
-472.575320 -2.972170  -471.388635
-472.877652 -3.074479  -473.909618
-473.179910 -2.970678  -472.383069
-473.469685 -2.824821  -472.135080
-473.753977 -2.861009  -474.283735
-474.030979 -2.679039  -473.722935
-474.294071 -2.582795  -474.483093
-474.549595 -2.527691  -472.761048
-474.800234 -2.485096  -473.840542
-475.042486 -2.359933  -473.931654
-475.284621 -2.482762  -476.516521
-475.529912 -2.423070  -476.565102
-475.772493 -2.428543  -476.850392
-476.015838 -2.438368  -478.113668
-476.272988 -2.704619  -476.292431
-476.547834 -2.792309  -475.511178
-476.827678 -2.804577  -476.203674
-477.116185 -2.965545  -476.351195
-477.410000 -2.910772  -478.179346
-477.692712 -2.743466  -477.727816
-477.973064 -2.863565  -476.878575
-478.257880 -2.832762  -478.650222
-478.537813 -2.765894  -479.794064
-478.816154 -2.800917  -479.818051
-479.110135 -3.078716  -478.698792
-479.417988 -3.078341  -479.658953
-479.724557 -3.053045  -479.217852
-480.037807 -3.211951  -480.747479
-480.364704 -3.325977  -481.812029
-480.697897 -3.337898  -480.288659
-481.032681 -3.357780  -481.074351
-481.369687 -3.382345  -479.881085
-481.713967 -3.503252  -480.996242
-482.058720 -3.391803  -482.559921
-482.399953 -3.432850  -482.241774
-482.750323 -3.574549  -483.272575
-483.113189 -3.682773  -484.209303
-483.480179 -3.657038  -484.035873
-483.845993 -3.659227  -484.201652
-484.217027 -3.761452  -483.908516
-484.593487 -3.767752  -483.223667
-484.980847 -3.979459  -484.630882
-485.370641 -3.816413  -484.950872
-485.749608 -3.762934  -486.333683
-486.123257 -3.710044  -485.493883
-486.501989 -3.864598  -485.701250
-486.883101 -3.757627  -485.758618
-487.262001 -3.820382  -487.493683
-487.642432 -3.788229  -487.764100
-488.017883 -3.720797  -487.804896
-488.387349 -3.668531  -487.866276
-488.751645 -3.617389  -490.258508
-489.110894 -3.567589  -488.190374
-489.472806 -3.670641  -490.091711
-489.837782 -3.628885  -489.086066
-490.193390 -3.483270  -489.297948
-490.548474 -3.618412  -490.325213
-490.903760 -3.487305  -490.836755
-491.267133 -3.780160  -490.048319
-491.645996 -3.797106  -491.661700
-492.022396 -3.730883  -492.904101
-492.396124 -3.743686  -493.492406
-492.779751 -3.928860  -493.459931
-493.174281 -3.961735  -494.464743
-493.570337 -3.959379  -493.467297
-493.973705 -4.107989  -495.569825
-494.380095 -4.019800  -493.624611
-494.785593 -4.090170  -492.308584
-495.204457 -4.287110  -496.456716
-495.628990 -4.203551  -495.513302
-496.052525 -4.267150  -496.282953
-496.474457 -4.171478  -496.564248
-496.891954 -4.178463  -496.350450
-497.317328 -4.329019  -496.120284
-497.754647 -4.417373  -497.574299
-498.195540 -4.400479  -497.706990
-498.640183 -4.492375  -499.923212
-499.085208 -4.408139  -497.778178
-499.533014 -4.547967  -500.762651
-499.985087 -4.493502  -501.639952
-500.436566 -4.536063  -500.941789
-500.888993 -4.512493  -501.498931
-501.344542 -4.598478  -500.193939
-501.798187 -4.474423  -498.834382
-502.246354 -4.488909  -502.657155
-502.693761 -4.459239  -502.329720
-503.153522 -4.735990  -503.910846
-503.619730 -4.588165  -505.540312
-504.077822 -4.573663  -504.270742
-504.540164 -4.673179  -505.854078
-505.016548 -4.854515  -504.351426
-505.506346 -4.941446  -505.230087
-506.008817 -5.107971  -506.938290
-506.520499 -5.125661  -506.099097
-507.031192 -5.088199  -509.336722
-507.546197 -5.211902  -508.026339
-508.066675 -5.197654  -507.229177
-508.590195 -5.272750  -507.572533
-509.118107 -5.285486  -510.053520
-509.647142 -5.295219  -508.393771
-510.178042 -5.322773  -510.175798
-510.713667 -5.389732  -508.204219
-511.253722 -5.411374  -512.921299
-511.801399 -5.542161  -510.976751
-512.359173 -5.613321  -512.466889
-512.916110 -5.525429  -514.274125
-513.467917 -5.510704  -515.270958
-514.029640 -5.723746  -513.687192
-514.603202 -5.747492  -514.514744
-515.184009 -5.868663  -513.336353
-515.773983 -5.930808  -515.493528
-516.371208 -6.013695  -515.251155
-516.970367 -5.969479  -518.048511
-517.565314 -5.929476  -517.402646
-518.158013 -5.924497  -516.647668
-518.753370 -5.982644  -518.807087
-519.352705 -6.004057  -518.985353
-519.955848 -6.058797  -518.596563
-520.562115 -6.066540  -521.042758
-521.163208 -5.955328  -519.433535
-521.758094 -5.942387  -522.296643
-522.341359 -5.722906  -521.806362
-522.918596 -5.821850  -521.934539
-523.497267 -5.751568  -524.175452
-524.067117 -5.645435  -522.976068
-524.629490 -5.602026  -524.752139
-525.186054 -5.529250  -526.108321
-525.735105 -5.451768  -524.613130
-526.278697 -5.420079  -526.225669
-526.819887 -5.403710  -526.771472
-527.359370 -5.385948  -526.043220
-527.894190 -5.310457  -527.727371
-528.433636 -5.478454  -530.241912
-528.984060 -5.530039  -528.668868
-529.533328 -5.455317  -530.952521
-530.074835 -5.374822  -530.094668
-530.601686 -5.162196  -530.114835
-531.105554 -4.915166  -531.683331
-531.598714 -4.948031  -532.169644
-532.091617 -4.910040  -533.294800
-532.583831 -4.934223  -534.060586
-533.082367 -5.036505  -532.855787
-533.582609 -4.968326  -534.790918
-534.081702 -5.013546  -533.370338
-534.585531 -5.063030  -535.287171
-535.088754 -5.001437  -536.257884
-535.593279 -5.089048  -535.811353
-536.108868 -5.222737  -534.964987
-536.634328 -5.286475  -537.294414
-537.160276 -5.232477  -536.841293
-537.683699 -5.235987  -537.987916
-538.200465 -5.099329  -540.275548
-538.700242 -4.896204  -539.556937
-539.192485 -4.948657  -539.328090
-539.684786 -4.897376  -540.055852
-540.176291 -4.932716  -540.091930
-540.665166 -4.844776  -541.220869
-541.155346 -4.958821  -541.319212
-541.652151 -4.977280  -541.902661
-542.143875 -4.857213  -542.057563
-542.632980 -4.924876  -542.566775
-543.120960 -4.834726  -543.301971
-543.597607 -4.698226  -544.816266
-544.066318 -4.675993  -544.573488
-544.539452 -4.786679  -544.612962
-545.021121 -4.846695  -544.803485
-545.505640 -4.843692  -543.092362
-545.994091 -4.925327  -546.559328
-546.481546 -4.823778  -546.017748
-546.967129 -4.887870  -547.836281
-547.459786 -4.965277  -547.764898
-547.962700 -5.093002  -547.737088
-548.465983 -4.972670  -548.970744
-548.966954 -5.046747  -548.613227
-549.468240 -4.978974  -549.644290
-549.965606 -4.968339  -548.869572
-550.458342 -4.886375  -550.781465
-550.948197 -4.910732  -552.757967
-551.440933 -4.943995  -548.877989
-551.934374 -4.924822  -552.151430
-552.423332 -4.854323  -551.873341
-552.900638 -4.691801  -552.007100
-553.363008 -4.555608  -554.223354
-553.804740 -4.279031  -553.570829
-554.239773 -4.421625  -554.154283
-554.682417 -4.431262  -552.755352
-555.128454 -4.489464  -554.806755
-555.586035 -4.662159  -555.240313
-556.054605 -4.709246  -556.370298
-556.526304 -4.724743  -555.777869
-557.002823 -4.805629  -557.430088
-557.485231 -4.842538  -559.195358
-557.973235 -4.917528  -558.386401
-558.459955 -4.816885  -559.178964
-558.934062 -4.665239  -559.958077
-559.404897 -4.751474  -561.500923
-559.878613 -4.722833  -560.451890
-560.354110 -4.787108  -558.928897
-560.827235 -4.675398  -561.427994
-561.298519 -4.750272  -562.917554
-561.770722 -4.693799  -562.897018
-562.245099 -4.793746  -562.731331
-562.726227 -4.828813  -563.219077
-563.208482 -4.816287  -563.912298
-563.693023 -4.874524  -563.800804
-564.173754 -4.740090  -564.376011
-564.644209 -4.669028  -564.294162
-565.112664 -4.700054  -567.781347
-565.574489 -4.536451  -565.126450
-566.032042 -4.614615  -565.562201
-566.502112 -4.786772  -565.831800
-566.983980 -4.850591  -568.957145
-567.462554 -4.720895  -567.863362
-567.928691 -4.601846  -568.517045
-568.390740 -4.639131  -568.352633
-568.846219 -4.470446  -570.797309
-569.298102 -4.567226  -569.882353
-569.751010 -4.490921  -569.207392
-570.201957 -4.528025  -569.658690
-570.655200 -4.536834  -570.828966
-571.107044 -4.500047  -571.418173
-571.563539 -4.629859  -571.652774
-572.030647 -4.712303  -570.728328
-572.508480 -4.844357  -572.290572
-572.991270 -4.811438  -572.869604
-573.474507 -4.853298  -574.307610
-573.956753 -4.791626  -574.806957
-574.440512 -4.883551  -574.565626
-574.928965 -4.885511  -572.712348
-575.414526 -4.825713  -574.462681
-575.893952 -4.762804  -573.849385
-576.368854 -4.735226  -576.596927
-576.840535 -4.698393  -577.377678
-577.303107 -4.553050  -576.916059
-577.759908 -4.582981  -577.006198
-578.214103 -4.500908  -578.520941
-578.663107 -4.479170  -577.926974
-579.108933 -4.437368  -578.679199
-579.549055 -4.365056  -578.706208
-579.987396 -4.401767  -579.598787
-580.423269 -4.315706  -579.397597
-580.854492 -4.308754  -581.360983
-581.286881 -4.339014  -581.832145
-581.719265 -4.308678  -579.200704
-582.152232 -4.350649  -583.868529
-582.583305 -4.270812  -582.115213
-583.009556 -4.254204  -584.660337
-583.442397 -4.402619  -584.009304
-583.879431 -4.338057  -583.652411
-584.315591 -4.385157  -585.636951
-584.752173 -4.346478  -582.102096
-585.183120 -4.272462  -584.552046
-585.614761 -4.360353  -585.616393
-586.043232 -4.209068  -584.868692
-586.452940 -3.985095  -586.098545
-586.849212 -3.940339  -586.965729
-587.248553 -4.046490  -587.542090
-587.651968 -4.021815  -586.733502
-588.053385 -4.006520  -590.122472
-588.456926 -4.064304  -588.216438
-588.869076 -4.178690  -590.825644
-589.290629 -4.252362  -589.022345
-589.716148 -4.258035  -588.853460
-590.134600 -4.111006  -589.325615
-590.546525 -4.127493  -589.819600
-590.954911 -4.040227  -590.723736
-591.359148 -4.044507  -592.060881
-591.768733 -4.147184  -592.112246
-592.185421 -4.186588  -589.758542
-592.618829 -4.481576  -590.656642
-593.068170 -4.505227  -593.038669
-593.514886 -4.429099  -592.446374
-593.960878 -4.490745  -594.367365
-594.414028 -4.572261  -596.297951
-594.860751 -4.362187  -595.160554
-595.298165 -4.386098  -594.623874
-595.734585 -4.342311  -596.293277
-596.168869 -4.343356  -595.734175
-596.601145 -4.302161  -596.835908
-597.031555 -4.306047  -595.019910
-597.463552 -4.333901  -597.665239
-597.909146 -4.577976  -599.103330
-598.366620 -4.571498  -599.755619
-598.825046 -4.597031  -597.793292
-599.286458 -4.631199  -600.150251
-599.750457 -4.648782  -598.866522
-600.220653 -4.755139  -601.251734
-600.699241 -4.816624  -601.337210
-601.183432 -4.867190  -602.522888
-601.684140 -5.146977  -601.732457
-602.200721 -5.184640  -601.056037
-602.719939 -5.199727  -604.514354
-603.240127 -5.204018  -602.897809
-603.760146 -5.196369  -604.337303
-604.280568 -5.212070  -603.160959
-604.799648 -5.169524  -604.094076
-605.317938 -5.196291  -603.796117
-605.841614 -5.277228  -605.340064
-606.369864 -5.287766  -609.069072
-606.900696 -5.328875  -606.837150
-607.441005 -5.477310  -607.869054
-607.994978 -5.602134  -609.451048
-608.559115 -5.680610  -608.560782
-609.129062 -5.718332  -608.588167
-609.703789 -5.776202  -610.674019
-610.278179 -5.711604  -609.554610
-610.848995 -5.704708  -612.018291
-611.419644 -5.708278  -612.791711
-611.996747 -5.833778  -614.131941
-612.583046 -5.892208  -613.542430
-613.169439 -5.835648  -614.209488
-613.751422 -5.804025  -614.314310
-614.335243 -5.872389  -615.828837
-614.931318 -6.049118  -615.907601
-615.541702 -6.158547  -616.467098
-616.147148 -5.950380  -616.310684
-616.740686 -5.920379  -615.582416
-617.333717 -5.940255  -618.251594
-617.933598 -6.057349  -616.321381
-618.536991 -6.010523  -619.108769
-619.142170 -6.093055  -616.703556
-619.752387 -6.111283  -619.989778
-620.366311 -6.167205  -620.178177
-620.981829 -6.143145  -621.549870
-621.594261 -6.105494  -621.758605
-622.201330 -6.035900  -623.436302
-622.810559 -6.148670  -621.428381
-623.424039 -6.120930  -620.947219
-624.030221 -6.002709  -622.702814
-624.631131 -6.015482  -625.173291
-625.238719 -6.136280  -627.133335
-625.841412 -5.917580  -627.180419
-626.432441 -5.903013  -627.103474
-627.029216 -6.032484  -626.780657
-627.635298 -6.089154  -628.228683
-628.241364 -6.032167  -627.659218
-628.836070 -5.861942  -628.558807
-629.424253 -5.901718  -628.688777
-630.009750 -5.808223  -630.911099
-630.587247 -5.741728  -631.134775
-631.156026 -5.633844  -631.146132
-631.723860 -5.722844  -632.663869
-632.295210 -5.704148  -631.762409
-632.868311 -5.757867  -634.494872
-633.440240 -5.680715  -630.574184
-634.010707 -5.728635  -632.560968
-634.583441 -5.726044  -633.932824
-635.155106 -5.707255  -636.152182
-635.731967 -5.829965  -636.902305
-636.309101 -5.712723  -636.731121
-636.873071 -5.566676  -638.273083
-637.431705 -5.605992  -638.773760
-637.990687 -5.573658  -637.396127
-638.547707 -5.566747  -638.921532
-639.104383 -5.566757  -638.439097
-639.655969 -5.464966  -640.308366
-640.203017 -5.475988  -640.928169
-640.749095 -5.445588  -641.128904
-641.291115 -5.394812  -641.774275
-641.833791 -5.458699  -643.074892
-642.386959 -5.604665  -643.031021
-642.950058 -5.657319  -643.813972
-643.519252 -5.726556  -643.226143
-644.093677 -5.761933  -644.125856
-644.667356 -5.711665  -645.930495
-645.235633 -5.653874  -645.395364
-645.801247 -5.658393  -645.227971
-646.369153 -5.699728  -644.971680
-646.933911 -5.595425  -647.762912
-647.491671 -5.559789  -646.309602
-648.048066 -5.568102  -649.344224
-648.603599 -5.542569  -648.574557
-649.166241 -5.710272  -648.976736
-649.739316 -5.751220  -648.779139
-650.319006 -5.842588  -647.541021
-650.904334 -5.863959  -652.056629
-651.488871 -5.826788  -650.727101
-652.069243 -5.780644  -652.807200
-652.650006 -5.834620  -652.741338
-653.231505 -5.795368  -653.027518
-653.815197 -5.878469  -653.963007
-654.408372 -5.985022  -654.714083
-654.995539 -5.758332  -654.535503
-655.576616 -5.863203  -654.535939
-656.160435 -5.813165  -656.460661
-656.742191 -5.821970  -657.802221
-657.319322 -5.720652  -657.655184
-657.885966 -5.612226  -657.157914
-658.450749 -5.683425  -658.525819
-659.020687 -5.715345  -659.706865
-659.590702 -5.684958  -658.043822
-660.161581 -5.732610  -661.273433
-660.737223 -5.780227  -661.836883
-661.317447 -5.824259  -661.860838
-661.896530 -5.757392  -662.014306
-662.465163 -5.615273  -661.442993
-663.026124 -5.603953  -663.752981
-663.589145 -5.656473  -662.674342
-664.153954 -5.639700  -663.716238
-664.721100 -5.703225  -664.906817
-665.290167 -5.678104  -665.889131
-665.856869 -5.655941  -665.286829
-666.421618 -5.639035  -666.984539
-666.982929 -5.587181  -666.285901
-667.538463 -5.523509  -669.305549
-668.090739 -5.522018  -667.655278
-668.647249 -5.608164  -669.265037
-669.204756 -5.541985  -669.330412
-669.752511 -5.413109  -670.578859
-670.296633 -5.469336  -670.139999
-670.850052 -5.599042  -670.193611
-671.414655 -5.693021  -672.828058
-671.979095 -5.595772  -673.079538
-672.537419 -5.570724  -671.960646
-673.093259 -5.546067  -671.746479
-673.646098 -5.510714  -674.587168
-674.194116 -5.449649  -673.888293
-674.738663 -5.441287  -675.188561
-675.280903 -5.403519  -674.677138
-675.823864 -5.455698  -675.018154
-676.369409 -5.455189  -676.239110
-676.915035 -5.457344  -675.335563
-677.459074 -5.423434  -676.021628
-677.993762 -5.270328  -678.184165
-678.526778 -5.389995  -679.094232
-679.063227 -5.338975  -678.989192
-679.592688 -5.250247  -679.484487
-680.110702 -5.110027  -680.391216
-680.621181 -5.099549  -679.445417
-681.124853 -4.973894  -679.911358
-681.615046 -4.829980  -679.324151
-682.098873 -4.846553  -681.061849
-682.576364 -4.703268  -681.702068
-683.036521 -4.499867  -683.782600
-683.488248 -4.534684  -683.191720
-683.948595 -4.672243  -684.991941
-684.408895 -4.533765  -683.356426
-684.864004 -4.568417  -688.425168
-685.311407 -4.379644  -685.820533
-685.751998 -4.432170  -684.603600
-686.195877 -4.445411  -686.638500
-686.630711 -4.251262  -686.546763
-687.049524 -4.125013  -688.834888
-687.457920 -4.042903  -687.781857
-687.860529 -4.009266  -686.715482
-688.254878 -3.877724  -687.760633
-688.637210 -3.768903  -689.700158
-689.010329 -3.693481  -688.957039
-689.379510 -3.690149  -691.412226
-689.750666 -3.732961  -690.421090
-690.125347 -3.760672  -688.947395
-690.502857 -3.789525  -688.804771
-690.883021 -3.813752  -691.347341
-691.270207 -3.929963  -692.569876
-691.658821 -3.842308  -692.502762
-692.045729 -3.895856  -692.531207
-692.436007 -3.909701  -692.961827
-692.822673 -3.823631  -691.705696
-693.207027 -3.863441  -692.783392
-693.593881 -3.873637  -694.561529
-693.970351 -3.655764  -694.231087
-694.337323 -3.683691  -694.691077
-694.706346 -3.696757  -696.465776
-695.076709 -3.710508  -694.998386
-695.449699 -3.749288  -695.072968
-695.817344 -3.603606  -695.888792
-696.181565 -3.680817  -695.063654
-696.538324 -3.454376  -696.154463
-696.882609 -3.431310  -698.046305
-697.225276 -3.422041  -696.101807
-697.569106 -3.454554  -697.779465
-697.910544 -3.374203  -698.345557
-698.246513 -3.345190  -697.073524
-698.576644 -3.257429  -696.953606
-698.905560 -3.320881  -700.325048
-699.233085 -3.229623  -700.221500
-699.548678 -3.082234  -698.890031
-699.861386 -3.171921  -700.047557
-700.176722 -3.134797  -699.680780
-700.500421 -3.339192  -701.267723
-700.840837 -3.469131  -700.683100
-701.178061 -3.275343  -702.776300
-701.503315 -3.229732  -700.443031
-701.828229 -3.268544  -701.109924
-702.156856 -3.304007  -701.469617
-702.482644 -3.211745  -700.567317
-702.808921 -3.313793  -703.489987
-703.143164 -3.371079  -703.196990
-703.485294 -3.471510  -703.807127
-703.830441 -3.431444  -705.024030
-704.172224 -3.404199  -703.369425
-704.508906 -3.329456  -703.023553
-704.841267 -3.317751  -706.128335
-705.168185 -3.220625  -705.912853
-705.486110 -3.137861  -704.780898
-705.798437 -3.108688  -705.296044
-706.107556 -3.073691  -707.375957
-706.403833 -2.851840  -704.799538
-706.684253 -2.756571  -705.335833
-706.962535 -2.809054  -706.658855
-707.236479 -2.669837  -706.955276
-707.505713 -2.714848  -706.642237
-707.780562 -2.782128  -708.696519
-708.054111 -2.688842  -708.923834
-708.329250 -2.813935  -708.791862
-708.605174 -2.704552  -708.991017
-708.877108 -2.734122  -709.459949
-709.147715 -2.678016  -710.309378
-709.416933 -2.706350  -712.430372
-709.688391 -2.722808  -709.250884
-709.965950 -2.828368  -710.886030
-710.257643 -3.005491  -709.208042
-710.566889 -3.179431  -710.558058
-710.886563 -3.214060  -709.668864
-711.206823 -3.191128  -710.245769
-711.528019 -3.232793  -712.009615
-711.851104 -3.228914  -711.512333
-712.171311 -3.175225  -712.301258
-712.484450 -3.087559  -712.553809
-712.786909 -2.961610  -711.964660
-713.080433 -2.908878  -713.605440
-713.363432 -2.751096  -714.053449
-713.648361 -2.947480  -714.166203
-713.941361 -2.912529  -715.211192
-714.230093 -2.862114  -714.860132
-714.515859 -2.853210  -714.346594
-714.795002 -2.729633  -715.454915
-715.063125 -2.632839  -714.723754
-715.328893 -2.682513  -714.667193
-715.588431 -2.508257  -714.564177
-715.833267 -2.388459  -716.592609
-716.065284 -2.251879  -716.213292
-716.291765 -2.277746  -717.929583
-716.523004 -2.347028  -717.182658
-716.765299 -2.498876  -717.293339
-717.019544 -2.586027  -717.234306
-717.276473 -2.552555  -716.287394
-717.532502 -2.568028  -717.200465
-717.790715 -2.596227  -718.068182
-718.048304 -2.555557  -719.953735
-718.307109 -2.620531  -720.121602
-718.572828 -2.693850  -719.079501
-718.843817 -2.725945  -719.436835
-719.111425 -2.626215  -719.141457
-719.373109 -2.607447  -719.207609
-719.634106 -2.612502  -720.415723
-719.885532 -2.416027  -718.836543
-720.133135 -2.536019  -720.256310
-720.382155 -2.444380  -718.862921
-720.627040 -2.453320  -719.953252
-720.878784 -2.581568  -722.434671
-721.137216 -2.587063  -723.864555
-721.395474 -2.578114  -719.957568
-721.647619 -2.464778  -722.144044
-721.901029 -2.603426  -721.682725
-722.165231 -2.680604  -721.546203
-722.434387 -2.702526  -723.041997
-722.704323 -2.696183  -724.294090
-722.980945 -2.836272  -721.633326
-723.261275 -2.770319  -722.705457
-723.538017 -2.764529  -723.386519
-723.812850 -2.732121  -723.555884
-724.077858 -2.568033  -723.073083
-724.335717 -2.589163  -722.352785
-724.590357 -2.503632  -724.488758
-724.849245 -2.674120  -724.888711
-725.115419 -2.649373  -726.919993
-725.372322 -2.488686  -724.894899
-725.618876 -2.442395  -725.120704
-725.862891 -2.437908  -724.756797
-726.106556 -2.435378  -727.390207
-726.355308 -2.539673  -724.993943
-726.608699 -2.528139  -725.258851
-726.857399 -2.445863  -726.066647
-727.098850 -2.383150  -728.485334
-727.344158 -2.523006  -727.571069
-727.601505 -2.623940  -729.409153
-727.868677 -2.719498  -726.202956
-728.134182 -2.590600  -727.599782
-728.382370 -2.373168  -728.308534
-728.623626 -2.451956  -727.059078
-728.870457 -2.484661  -730.828711
-729.121322 -2.532637  -728.516809
-729.375178 -2.544478  -729.832565
-729.628714 -2.526237  -730.181721
-729.881653 -2.532554  -730.110433
-730.131413 -2.462634  -729.517514
-730.367774 -2.264588  -731.277970
-730.601333 -2.406609  -729.168410
-730.837433 -2.315378  -730.909026
-731.076986 -2.475676  -728.350200
-731.328537 -2.555354  -731.772355
-731.581456 -2.503015  -731.870920
-731.830712 -2.482123  -730.558415
-732.075378 -2.411179  -731.406279
-732.318656 -2.454398  -731.181986
-732.558538 -2.343236  -730.764007
-732.795512 -2.396252  -731.245414
-733.035777 -2.409030  -734.706194
-733.279824 -2.471912  -733.629225
-733.514121 -2.214039  -733.573264
-733.731149 -2.126526  -733.752434
-733.937626 -2.003003  -732.984179
-734.142323 -2.090932  -732.708069
-734.354946 -2.161539  -734.421352
-734.571999 -2.179523  -734.620305
-734.792903 -2.238542  -736.018011
-735.019969 -2.302785  -735.602548
-735.249080 -2.279446  -733.348236
-735.483285 -2.404643  -734.456310
-735.725980 -2.449254  -735.848967
-735.969079 -2.412739  -733.491661
-736.204436 -2.294397  -735.301084
-736.427992 -2.176729  -736.647709
-736.646238 -2.188184  -737.547618
-736.862534 -2.137732  -738.215397
-737.069549 -2.002577  -737.451700
-737.263321 -1.872858  -737.246341
-737.450903 -1.878778  -736.536519
-737.639903 -1.901228  -736.156210
-737.827514 -1.850992  -737.556317
-738.008615 -1.771014  -736.827767
-738.189345 -1.843590  -737.072287
-738.369475 -1.759023  -738.978124
-738.540898 -1.669429  -738.771305
-738.713540 -1.783408  -737.892209
-738.893992 -1.825647  -740.066804
-739.075132 -1.797149  -738.694784
-739.246509 -1.630389  -738.816833
-739.412203 -1.683482  -739.613414
-739.579745 -1.667368  -741.887798
-739.751712 -1.771961  -739.930054
-739.933184 -1.857495  -739.221898
-740.127443 -2.027668  -741.311966
-740.323250 -1.888488  -741.047991
-740.509922 -1.844935  -740.116247
-740.694366 -1.843955  -740.943130
-740.872070 -1.710125  -740.670568
-741.044395 -1.736372  -740.305507
-741.217124 -1.718211  -739.571543
-741.385209 -1.643477  -741.369323
-741.539422 -1.440796  -743.239902
-741.678632 -1.343405  -740.231703
-741.819163 -1.467207  -743.106829
-741.971472 -1.578970  -741.955792
-742.128423 -1.560063  -742.620538
-742.293655 -1.744570  -742.771679
-742.470050 -1.783337  -740.305195
-742.652933 -1.874315  -742.417526
-742.833195 -1.730922  -743.410518
-743.004543 -1.696036  -744.044569
-743.168031 -1.573738  -741.852427
-743.327409 -1.613806  -743.214027
-743.497835 -1.794719  -744.775707
-743.678815 -1.824888  -744.253469
-743.862410 -1.847009  -742.067371
-744.045983 -1.824444  -745.191909
-744.223910 -1.734094  -742.877323
-744.396568 -1.719066  -745.024857
-744.567247 -1.694531  -744.515311
-744.736490 -1.690315  -743.929328
-744.907645 -1.732797  -745.529186
-745.086088 -1.836050  -744.578936
-745.271346 -1.869127  -744.824589
-745.454227 -1.788488  -746.631588
-745.626922 -1.665410  -745.147586
-745.797328 -1.742718  -745.115361
-745.976247 -1.835651  -744.466943
-746.149164 -1.622681  -745.989486
-746.314878 -1.691613  -744.881435
-746.478325 -1.577318  -749.020336
-746.634535 -1.546878  -746.021261
-746.799933 -1.761098  -745.453061
-746.979396 -1.828148  -746.296607
-747.163105 -1.846030  -746.301259
-747.349599 -1.883862  -746.325456
-747.543715 -1.998464  -746.707148
-747.757756 -2.282339  -746.598859
-747.985640 -2.275341  -748.136537
-748.210642 -2.224698  -748.827426
-748.432622 -2.214914  -749.343254
-748.658992 -2.312487  -748.443221
-748.882201 -2.151699  -747.703916
-749.096946 -2.143184  -750.055682
-749.309922 -2.116341  -748.211415
-749.528781 -2.260839  -751.069691
-749.761879 -2.401131  -750.390503
-749.998936 -2.339997  -751.413740
-750.224551 -2.172306  -748.438201
-750.436822 -2.073125  -750.993971
-750.638246 -1.955338  -752.164556
-750.834370 -1.967143  -750.885833
-751.031514 -1.975751  -750.633321
-751.227464 -1.943236  -749.667863
-751.419325 -1.893995  -750.948698
-751.609445 -1.908399  -752.432802
-751.804315 -1.988993  -752.449364
-752.000637 -1.937460  -750.829393
-752.199890 -2.047592  -751.969466
-752.403801 -2.030625  -752.460945
-752.600036 -1.894081  -753.143216
-752.794003 -1.985265  -753.622618
-752.992631 -1.987298  -751.249844
-753.186949 -1.899064  -753.186964
-753.370604 -1.774036  -754.069435
-753.547936 -1.772603  -754.093091
-753.723698 -1.742638  -753.090259
-753.900090 -1.785185  -754.209451
-754.088587 -1.984770  -752.999969
-754.283329 -1.910071  -754.630719
-754.472333 -1.870006  -754.763715
-754.665401 -1.991357  -754.084661
-754.861455 -1.929716  -754.825315
-755.052850 -1.898189  -755.862548
-755.238014 -1.805075  -756.759828
-755.414580 -1.726258  -755.906370
-755.592484 -1.831815  -755.320491
-755.780502 -1.928555  -757.401266
-755.968741 -1.836228  -755.097089
-756.157416 -1.937258  -756.679834
-756.357003 -2.054484  -755.896819
-756.569684 -2.199137  -757.063093
-756.796701 -2.341195  -757.538592
-757.018744 -2.099681  -757.979955
-757.237057 -2.266564  -755.935809
-757.466024 -2.312781  -760.467221
-757.700114 -2.369023  -757.542486
-757.935123 -2.331156  -757.239378
-758.167205 -2.310474  -757.143863
-758.397735 -2.300134  -759.691319
-758.622259 -2.190344  -757.974148
-758.835332 -2.071129  -758.826888
-759.045922 -2.140666  -759.132217
-759.263140 -2.203698  -759.505177
-759.480259 -2.138681  -758.881955
-759.697565 -2.207431  -759.686527
-759.915174 -2.144745  -757.911463
-760.135997 -2.271728  -760.050809
-760.363722 -2.282771  -759.001034
-760.591582 -2.274420  -759.696889
-760.810135 -2.096636  -760.378289
-761.021254 -2.125748  -762.320748
-761.229244 -2.034049  -761.917717
-761.438602 -2.153116  -762.145991
-761.655218 -2.179204  -761.639146
-761.879077 -2.297965  -763.421865
-762.108804 -2.296582  -761.414981
-762.347179 -2.470919  -761.585035
-762.592281 -2.431118  -762.779418
-762.835996 -2.443181  -762.869115
-763.080685 -2.450606  -762.941560
-763.322080 -2.377298  -765.035812
-763.553885 -2.258789  -763.232202
-763.773052 -2.124564  -765.555781
-763.981813 -2.050651  -764.769643
-764.193381 -2.180708  -762.775930
-764.408210 -2.115869  -762.927395
-764.619632 -2.112568  -765.040068
-764.833424 -2.163277  -763.137064
-765.052190 -2.212044  -764.745199
-765.270320 -2.150563  -764.605487
-765.490651 -2.256044  -767.155853
-765.716212 -2.255184  -766.428372
-765.943217 -2.284923  -765.845220
-766.168928 -2.229287  -765.268794
-766.393044 -2.253027  -768.287511
-766.624603 -2.378171  -766.096721
-766.856987 -2.269495  -767.132543
-767.080992 -2.210617  -767.132942
-767.291637 -2.002279  -767.749024
-767.485063 -1.866228  -769.111125
-767.666068 -1.753884  -766.940137
-767.844307 -1.810902  -766.517437
-768.024505 -1.793045  -768.730513
-768.193913 -1.595123  -767.664530
-768.356985 -1.666320  -768.253697
-768.525077 -1.695518  -770.561131
-768.693708 -1.677091  -768.644392
-768.856760 -1.583951  -770.399492
-769.024780 -1.776448  -769.294687
-769.203898 -1.805929  -767.264955
-769.385955 -1.835211  -768.585563
-769.565725 -1.760183  -770.661506
-769.730552 -1.536347  -770.581668
-769.885437 -1.561366  -768.420931
-770.036996 -1.469812  -768.650531
-770.183687 -1.464009  -768.418126
-770.334034 -1.542922  -770.619277
-770.481761 -1.411613  -771.269518
-770.627441 -1.501987  -769.616361
-770.777636 -1.501932  -771.962811
-770.929677 -1.538872  -770.954960
-771.080536 -1.478321  -771.204028
-771.229468 -1.500321  -773.209632
-771.382164 -1.553584  -771.990424
-771.534629 -1.495731  -770.084098
-771.689219 -1.596065  -772.879371
-771.854105 -1.701660  -773.260136
-772.028189 -1.780009  -772.044544
-772.196994 -1.596102  -773.205712
-772.355977 -1.583553  -774.150753
-772.519437 -1.685647  -770.652234
-772.690714 -1.739884  -775.699926
-772.859689 -1.639613  -773.708627
-773.029971 -1.766028  -772.021013
-773.206474 -1.764040  -774.040052
-773.380944 -1.725367  -774.548169
-773.543247 -1.520677  -773.076631
-773.693590 -1.486186  -773.450551
-773.836722 -1.376462  -773.981990
-773.967411 -1.237324  -773.642105
-774.091582 -1.246091  -772.824067
-774.217024 -1.262751  -773.184514
-774.343979 -1.276341  -774.672292
-774.474902 -1.342122  -773.282143
-774.607380 -1.307437  -774.839935
-774.736359 -1.272139  -772.112079
-774.861366 -1.228011  -773.063915
-774.985662 -1.257913  -774.398767
-775.111391 -1.256657  -774.915106
-775.233029 -1.176101  -774.280253
-775.345022 -1.063765  -776.024671
-775.446508 -0.965949  -775.378588
-775.548079 -1.065475  -775.408725
-775.655121 -1.075372  -775.463411
-775.772384 -1.269880  -776.597952
-775.900357 -1.289576  -776.198561
-776.036524 -1.433771  -775.708575
-776.176498 -1.365709  -776.485378
-776.319815 -1.500634  -776.379487
-776.462104 -1.345149  -775.836350
-776.603459 -1.481935  -777.993740
-776.752175 -1.492390  -776.766504
-776.901088 -1.485865  -775.072505
-777.042701 -1.346401  -777.672771
-777.172644 -1.252460  -777.736457
